ncols 10
nrows 15
xllcorner 220210
yllcorner 662800
cellsize 2.5
NODATA_value -999
-999 -999 -999 -999 -999 59 57 40 58 53
-999 -999 -999 -999 25 52 52 26 26 45
-999 -999 -999 54 29 51 51 32 27 56
24 -999 25 35 21 49 46 35 35 53
25 30 29 38 24 42 49 38 39 52
29 35 35 29 28 41 42 41 35 35
30 39 31 19 35 38 43 42 34 28
44 42 34 26 39 39 48 46 32 34
45 45 38 37 52 32 42 48 29 35
35 49 36 48 54 35 38 59 25 59
29 42 25 49 59 37 37 57 21 -999
25 35 21 42 51 26 35 58 -999 -999
20 31 18 40 49 29 26 -999 -999 -999
18 19 10 59 42 28 29 -999 -999 -999
10 12 5 51 46 26 35 -999 -999 -999